#Zk
C	4.31304019
O	4.49417957
N	105.13572663
Cl	-36.22797097
Br	-48.61023955
S	-36.57514582
H	6.28233143
#Zk2
C	12.90469595
O	-26.42461359
#Zk3
C	-15.16633299
O	-89.57838450
#Zkk Matrix
H	00.00	-12.39475085	81.40064692	00.00
C	00.00	-13.79473976	00.00	-72.39824456
O	00.00	28.33486314	00.00	00.00
N	00.00	00.00	00.00	00.00
#Zkk2 Matrix
O	00.00	-108.30214760	00.00
C	00.00	00.00	196.21673301
N	00.00	-28.44136230	00.00
#Zkk3 Matrix
O	-210.25484122	91.44041273
N	00.00	00.00
#rzkk Matrix
H  00.00  2.68556665  00.00  1.16833543  00.00  00.00  00.00  00.00  00.00  00.00
C  1.10240033  1.56040309  2.06885655  2.26370595  0.83133827  4.17517806  3.00113436  2.30019914  2.01550263  2.68238783 
N  00.00  1.83227404  00.00  00.00  00.00  00.00  00.00  00.00  00.00  00.00
O  00.00  1.27796712  1.21203914  1.42445847  00.00  1.91752978  00.00  00.00  00.00  00.00
F  00.00  00.00  00.00  00.00  00.00  00.00  00.00  00.00  00.00  00.00
P  00.00  00.00  00.00  00.00  00.00  00.00  00.00  00.00  00.00  00.00
S  00.00  00.00  00.00  00.00  00.00  00.00  00.00  00.00  00.00  00.00
Cl  00.00  00.00  00.00  00.00  00.00  00.00  00.00  00.00  00.00  00.00
Br  00.00  00.00  00.00  00.00  00.00  00.00  00.00  00.00  00.00  00.00
I  00.00  00.00  00.00  00.00  00.00  00.00  00.00  00.00  00.00  00.00
#drzkk Matrix
H  00.00  0.00318338  00.00  0.00318338  00.00  00.00  00.00  00.00  00.00  00.00
C  0.00318338  0.00318338  0.00318338  0.00318338  0.00318338  0.00318338  0.00318338  0.00318338  0.00318338  0.00318338
N  00.00  0.00318338  00.00  00.00  00.00  00.00  00.00  00.00  00.00  00.00
O  00.00  0.07873176  0.00318338  0.00318338  0.00318338  00.00  00.00  00.00  00.00  00.00
F  00.00  00.00  00.00  00.00  00.00  00.00  00.00  00.00  00.00  00.00
P  00.00  00.00  00.00  00.00  00.00  00.00  00.00  00.00  00.00  00.00
S  00.00  00.00  00.00  00.00  00.00  00.00  00.00  00.00  00.00  00.00
Cl  00.00  00.00  00.00  00.00  00.00  00.00  00.00  00.00  00.00  00.00
Br  00.00  00.00  00.00  00.00  00.00  00.00  00.00  00.00  00.00  00.00
I  00.00  00.00  00.00  00.00  00.00  00.00  00.00  00.00  00.00  00.00
#NC3
00.00
1.58994926
0.03467094
#Solvent
0.26300147
0.30149336
-8.64461037
6.58198268
