#Zk - This are the default Parmeters for SMD/H2O
H 	-7.05910010
C 	40.42080040
N 	46.52833139
O 	8.44843059
P 	5.42772349
F 	18.39128187
Cl	-0.82638763
Br	2.36089576
S 	-1.88300603
#Zkk Matrix
H	00.00	16.13228280	00.00	00.00	00.00
C	00.00	-26.73109751	00.00	00.00	00.00
O	00.00	-50.53815702	00.00	1.61784572	-2.37652637
N	00.00	-59.28524146	00.00	00.00	00.00
P	00.00	00.00	00.00	00.00	00.00
#rzkk Matrix
H  00.00  1.72307351  00.00  1.72307351  00.00  00.00  00.00  00.00  00.00  00.00
C  1.72307351  1.53620110  1.53620110  1.53620110  1.53620110  2.46634451  2.46634451  2.64470188  1.36106800  5.01814136
N  00.00  1.53620110  00.00  00.00  00.00  00.00  00.00  00.00  00.00  00.00
O  00.00  01.33  3.43860060  2.74954267  00.00  2.64470188  00.00  00.00  00.00  00.00
F  00.00  00.00  00.00  00.00  00.00  00.00  00.00  00.00  00.00  00.00
P  00.00  00.00  00.00  00.00  00.00  00.00  00.00  00.00  00.00  00.00
S  00.00  00.00  00.00  00.00  00.00  00.00  00.00  00.00  00.00  00.00
Cl  00.00  00.00  00.00  00.00  00.00  00.00  00.00  00.00  00.00  00.00
Br  00.00  00.00  00.00  00.00  00.00  00.00  00.00  00.00  00.00  00.00
I  00.00  00.00  00.00  00.00  00.00  00.00  00.00  00.00  00.00  00.00
#drzkk Matrix
H  00.00  0.26718934  00.00  0.26718934  00.00  00.00  00.00  00.00  00.00  00.00
C  0.26718934  0.26718934  0.26718934  0.26718934  0.26718934  0.26718934  0.26718934  0.26718934  0.26718934  0.26718934
N  00.00  0.26718934  00.00  00.00  00.00  00.00  00.00  00.00  00.00  00.00
O  00.00  0.78341180  0.26718934  0.26718934  0.26718934  00.00  00.00  00.00  00.00  00.00
F  00.00  00.00  00.00  00.00  00.00  00.00  00.00  00.00  00.00  00.00
P  00.00  00.00  00.00  00.00  00.00  00.00  00.00  00.00  00.00  00.00
S  00.00  00.00  00.00  00.00  00.00  00.00  00.00  00.00  00.00  00.00
Cl  00.00  00.00  00.00  00.00  00.00  00.00  00.00  00.00  00.00  00.00
Br  00.00  00.00  00.00  00.00  00.00  00.00  00.00  00.00  00.00  00.00
I  00.00  00.00  00.00  00.00  00.00  00.00  00.00  00.00  00.00  00.00
#NC3
1.37496831
0.90924695
0.02928986
