#Zk
C	4.86360429
O	45.58549683
N	31.85970980
Cl	-16.66531179
Br	-12.41068837
S	-7.98231624
Si	-8.11176696
#Zk2
C	23.64940375
O	-73.87843261
#Zk3
C	-13.06835262
O	-113.83855842
#Zkk Matrix
H	00.00	-26.68787818	66.06477147	00.00
C	00.00	-17.80144601	00.00	-32.68010123
O	00.00	-14.61853126	00.00	00.00
N	00.00	00.00	00.00	00.00
#Zkk2 Matrix
O	00.00	345.88137221	00.00
C	00.00	00.00	117.24662554
N	00.00	-51.21525597	00.00
#Zkk3 Matrix
O	-199.79980883	81.99143954
N	00.00	00.00
#rzkk Matrix
H  00.00  1.41810881  00.00  0.25142625  00.00  00.00  00.00  00.00  00.00  00.00
C  1.33018377  1.78815029  2.01435802  2.12967877  2.59770178  -1.19469458  0.71913182  1.53065727  1.78389186  1.32563016 
N  00.00  1.57568815  00.00  00.00  00.00  00.00  00.00  00.00  00.00  00.00
O  00.00  1.10889577  1.13214958  -0.87028050  00.00  5.09897882  00.00  00.00  00.00  00.00
F  00.00  00.00  00.00  00.00  00.00  00.00  00.00  00.00  00.00  00.00
P  00.00  00.00  00.00  00.00  00.00  00.00  00.00  00.00  00.00  00.00
S  00.00  00.00  00.00  00.00  00.00  00.00  00.00  00.00  00.00  00.00
Cl  00.00  00.00  00.00  00.00  00.00  00.00  00.00  00.00  00.00  00.00
Br  00.00  00.00  00.00  00.00  00.00  00.00  00.00  00.00  00.00  00.00
I  00.00  00.00  00.00  00.00  00.00  00.00  00.00  00.00  00.00  00.00
#drzkk Matrix
H  00.00  0.20687188  00.00  0.20687188  00.00  00.00  00.00  00.00  00.00  00.00
C  0.20687188  0.20687188  0.20687188  0.20687188  0.20687188  0.20687188  0.20687188  0.20687188  0.20687188  0.20687188
N  00.00  0.20687188  00.00  00.00  00.00  00.00  00.00  00.00  00.00  00.00
O  00.00  0.11600463  0.20687188  0.20687188  0.20687188  00.00  00.00  00.00  00.00  00.00
F  00.00  00.00  00.00  00.00  00.00  00.00  00.00  00.00  00.00  00.00
P  00.00  00.00  00.00  00.00  00.00  00.00  00.00  00.00  00.00  00.00
S  00.00  00.00  00.00  00.00  00.00  00.00  00.00  00.00  00.00  00.00
Cl  00.00  00.00  00.00  00.00  00.00  00.00  00.00  00.00  00.00  00.00
Br  00.00  00.00  00.00  00.00  00.00  00.00  00.00  00.00  00.00  00.00
I  00.00  00.00  00.00  00.00  00.00  00.00  00.00  00.00  00.00  00.00
#NC3
00.00
-0.35924672
0.07342346
#Solvent
0.00189387
-2.56536415
-16.70220350
00.00
