#Zk - This are the default Parmeters for SMD/H2O
H 	-57.61434050
C 	-42.19152191
N 	-21.09735639
O 	-74.13291140
F 	-4.90236500
Cl	-22.62851969
Br	-13.12166689
S 	-14.68563893
#Zkk Matrix
H	00.00	57.61683919	00.00	00.00	00.00
C	00.00	3.70876922	00.00	00.00	00.00
O	00.00	59.52187749	00.00	216.30189484	25.76356045
N	00.00	-23.20962786	00.00	00.00	00.00
P	00.00	00.00	00.00	00.00	00.00
#rzkk Matrix
H  00.00  1.84000000  00.00  1.55000000  00.00  00.00  00.00  00.00  00.00  00.00
C  1.55000000  1.84000000  1.84000000  1.84000000  1.84000000  2.20000000  2.20000000  2.10000000  2.30000000  2.60000000 
N  00.00  1.84000000  00.00  00.00  00.00  00.00  00.00  00.00  00.00  00.00
O  00.00  1.33000000  1.50000000  1.80000000  00.00  2.10000000  00.00  00.00  00.00  00.00
F  00.00  00.00  00.00  00.00  00.00  00.00  00.00  00.00  00.00  00.00
P  00.00  00.00  00.00  00.00  00.00  00.00  00.00  00.00  00.00  00.00
S  00.00  00.00  00.00  00.00  00.00  00.00  00.00  00.00  00.00  00.00
Cl  00.00  00.00  00.00  00.00  00.00  00.00  00.00  00.00  00.00  00.00
Br  00.00  00.00  00.00  00.00  00.00  00.00  00.00  00.00  00.00  00.00
I  00.00  00.00  00.00  00.00  00.00  00.00  00.00  00.00  00.00  00.00
#drzkk Matrix
H  00.00  0.30000000  00.00  0.30000000  00.00  00.00  00.00  00.00  00.00  00.00
C  0.30000000  0.30000000  0.30000000  0.30000000  0.30000000  0.30000000  0.30000000  0.30000000  0.30000000  0.30000000
N  00.00  0.30000000  00.00  00.00  00.00  00.00  00.00  00.00  00.00  00.00
O  00.00  0.10000000  0.30000000  0.30000000  0.30000000  00.00  00.00  00.00  00.00  00.00
F  00.00  00.00  00.00  00.00  00.00  00.00  00.00  00.00  00.00  00.00
P  00.00  00.00  00.00  00.00  00.00  00.00  00.00  00.00  00.00  00.00
S  00.00  00.00  00.00  00.00  00.00  00.00  00.00  00.00  00.00  00.00
Cl  00.00  00.00  00.00  00.00  00.00  00.00  00.00  00.00  00.00  00.00
Br  00.00  00.00  00.00  00.00  00.00  00.00  00.00  00.00  00.00  00.00
I  00.00  00.00  00.00  00.00  00.00  00.00  00.00  00.00  00.00  00.00
#NC3
108.54924255
1.12250000
0.06500000
