#Zk
C	-3.70891582
O	38.16986455
N	11.67657766
Cl	-26.23511892
Br	-19.44296237
S	-15.85282828
H	-5.61002654
P	-31.18737493
#Zk2
C	8.80543594
O	-2.68778654
#Zk3
C	-5.80252796
O	-87.53912863
#Zkk Matrix
H	00.00	-6.10646558	-72.27657574	00.00
C	00.00	-15.05405921	00.00	-16.54455408
O	00.00	-20.55673110	00.00	00.00
N	00.00	00.00	00.00	00.00
#Zkk2 Matrix
O	00.00	65.41437683	00.00
C	00.00	00.00	-2.81967860
N	00.00	-32.31978386	00.00
#Zkk3 Matrix
O	-40.24403232	67.09645304
N	00.00	00.00
#rzkk Matrix
H  00.00  1.55100494  00.00  1.53632796  00.00  00.00  00.00  00.00  00.00  00.00
C  1.54582282  1.83993169  1.83959886  2.07175304  1.84000000  2.24400000  2.20000000  2.10000000  2.30000000  2.60000000 
N  00.00  1.84000000  00.00  00.00  00.00  00.00  00.00  00.00  00.00  00.00
O  00.00  1.33181762  1.50000000  1.80000000  00.00  2.10000000  00.00  00.00  00.00  00.00
F  00.00  00.00  00.00  00.00  00.00  00.00  00.00  00.00  00.00  00.00
P  00.00  00.00  00.00  00.00  00.00  00.00  00.00  00.00  00.00  00.00
S  00.00  00.00  00.00  00.00  00.00  00.00  00.00  00.00  00.00  00.00
Cl  00.00  00.00  00.00  00.00  00.00  00.00  00.00  00.00  00.00  00.00
Br  00.00  00.00  00.00  00.00  00.00  00.00  00.00  00.00  00.00  00.00
I  00.00  00.00  00.00  00.00  00.00  00.00  00.00  00.00  00.00  00.00
#drzkk Matrix
H  00.00  0.30023238  00.00  0.30023238  00.00  00.00  00.00  00.00  00.00  00.00
C  0.30023238  0.30023238  0.30023238  0.30023238  0.30023238  0.30023238  0.30023238  0.30023238  0.30023238  0.30023238
N  00.00  0.30023238  00.00  00.00  00.00  00.00  00.00  00.00  00.00  00.00
O  00.00  0.11286083  0.30023238  0.30023238  0.30023238  00.00  00.00  00.00  00.00  00.00
F  00.00  00.00  00.00  00.00  00.00  00.00  00.00  00.00  00.00  00.00
P  00.00  00.00  00.00  00.00  00.00  00.00  00.00  00.00  00.00  00.00
S  00.00  00.00  00.00  00.00  00.00  00.00  00.00  00.00  00.00  00.00
Cl  00.00  00.00  00.00  00.00  00.00  00.00  00.00  00.00  00.00  00.00
Br  00.00  00.00  00.00  00.00  00.00  00.00  00.00  00.00  00.00  00.00
I  00.00  00.00  00.00  00.00  00.00  00.00  00.00  00.00  00.00  00.00
#NC3
00.00
1.22500000
0.06500000
#Solvent
0.08563085
-7.21289853
-14.52469035
-5.13736584
