#Zk - This are the default Parmeters for SMD/H2O
H 	-77.70436564
C 	-44.32921125
N 	-25.97069034
O 	-50.70232515
F 	-6.43754644
Cl	-36.05536752
Br	-20.79864972
S 	-18.13699434
#Zkk Matrix
H	00.00	76.79778940	00.00	00.00	00.00
C	00.00	-1.94928804	00.00	00.00	00.00
O	00.00	12.35744639	00.00	165.85557924	12.23268205
N	00.00	-24.36906946	00.00	00.00	00.00
P	00.00	00.00	00.00	00.00	00.00
#rzkk Matrix
H  00.00  1.84000000  00.00  1.55000000  00.00  00.00  00.00  00.00  00.00  00.00
C  1.55000000  1.84000000  1.84000000  1.84000000  1.84000000  2.20000000  2.20000000  2.10000000  2.30000000  2.60000000 
N  00.00  1.84000000  00.00  00.00  00.00  00.00  00.00  00.00  00.00  00.00
O  00.00  1.33000000  1.50000000  1.80000000  00.00  2.10000000  00.00  00.00  00.00  00.00
F  00.00  00.00  00.00  00.00  00.00  00.00  00.00  00.00  00.00  00.00
P  00.00  00.00  00.00  00.00  00.00  00.00  00.00  00.00  00.00  00.00
S  00.00  00.00  00.00  00.00  00.00  00.00  00.00  00.00  00.00  00.00
Cl  00.00  00.00  00.00  00.00  00.00  00.00  00.00  00.00  00.00  00.00
Br  00.00  00.00  00.00  00.00  00.00  00.00  00.00  00.00  00.00  00.00
I  00.00  00.00  00.00  00.00  00.00  00.00  00.00  00.00  00.00  00.00
#drzkk Matrix
H  00.00  0.30000000  00.00  0.30000000  00.00  00.00  00.00  00.00  00.00  00.00
C  0.30000000  0.30000000  0.30000000  0.30000000  0.30000000  0.30000000  0.30000000  0.30000000  0.30000000  0.30000000
N  00.00  0.30000000  00.00  00.00  00.00  00.00  00.00  00.00  00.00  00.00
O  00.00  0.10000000  0.30000000  0.30000000  0.30000000  00.00  00.00  00.00  00.00  00.00
F  00.00  00.00  00.00  00.00  00.00  00.00  00.00  00.00  00.00  00.00
P  00.00  00.00  00.00  00.00  00.00  00.00  00.00  00.00  00.00  00.00
S  00.00  00.00  00.00  00.00  00.00  00.00  00.00  00.00  00.00  00.00
Cl  00.00  00.00  00.00  00.00  00.00  00.00  00.00  00.00  00.00  00.00
Br  00.00  00.00  00.00  00.00  00.00  00.00  00.00  00.00  00.00  00.00
I  00.00  00.00  00.00  00.00  00.00  00.00  00.00  00.00  00.00  00.00
#NC3
33.62391370
1.22500000
0.06500000
