#Zk - This are the default Parmeters for SMD/H2O
H 	-13.18733390
C 	-119.48375014
N 	50.57638726
O 	6.25417425
F 	2.63441784
Cl	-62.16023107
Br	-75.58954433
S 	-69.05719967
#Zkk Matrix
H	00.00	-7.83707465	00.00	00.00	00.00
C	00.00	25.27331642	00.00	00.00	00.00
O	00.00	1.46499687	00.00	-122.96830559	-88.33049717
N	00.00	-4.64936863	00.00	00.00	00.00
P	00.00	00.00	00.00	00.00	00.00
#rzkk Matrix
H  00.00  2.64718005  00.00  1.19095383  00.00  00.00  00.00  00.00  00.00  00.00
C  1.36056545  1.76303004  1.96518612  2.28865158  0.85478096  3.89977495  2.49848253  2.29112775  1.99304899  2.81077743 
N  00.00  1.86486036  00.00  00.00  00.00  00.00  00.00  00.00  00.00  00.00
O  00.00  1.22086769  1.20973503  1.39155848  00.00  1.89925717  00.00  00.00  00.00  00.00
F  00.00  00.00  00.00  00.00  00.00  00.00  00.00  00.00  00.00  00.00
P  00.00  00.00  00.00  00.00  00.00  00.00  00.00  00.00  00.00  00.00
S  00.00  00.00  00.00  00.00  00.00  00.00  00.00  00.00  00.00  00.00
Cl  00.00  00.00  00.00  00.00  00.00  00.00  00.00  00.00  00.00  00.00
Br  00.00  00.00  00.00  00.00  00.00  00.00  00.00  00.00  00.00  00.00
I  00.00  00.00  00.00  00.00  00.00  00.00  00.00  00.00  00.00  00.00
#drzkk Matrix
H  00.00  0.00322597  00.00  0.00322597  00.00  00.00  00.00  00.00  00.00  00.00
C  0.00322597  0.00322597  0.00322597  0.00322597  0.00322597  0.00322597  0.00322597  0.00322597  0.00322597  0.00322597
N  00.00  0.00322597  00.00  00.00  00.00  00.00  00.00  00.00  00.00  00.00
O  00.00  0.07958860  0.00322597  0.00322597  0.00322597  00.00  00.00  00.00  00.00  00.00
F  00.00  00.00  00.00  00.00  00.00  00.00  00.00  00.00  00.00  00.00
P  00.00  00.00  00.00  00.00  00.00  00.00  00.00  00.00  00.00  00.00
S  00.00  00.00  00.00  00.00  00.00  00.00  00.00  00.00  00.00  00.00
Cl  00.00  00.00  00.00  00.00  00.00  00.00  00.00  00.00  00.00  00.00
Br  00.00  00.00  00.00  00.00  00.00  00.00  00.00  00.00  00.00  00.00
I  00.00  00.00  00.00  00.00  00.00  00.00  00.00  00.00  00.00  00.00
#NC3
249.96722954
1.11837224
0.06487995
