#Zk
C	-1.22822025
O	-11.30020807
N	2.31335566
Cl	-15.29664764
Br	-13.41981274
S	-11.42017939
H	-27.76945988
#Zk2
C	12.94786667
O	-21.10673922
#Zk3
C	-2.99143633
O	-42.79766446
#Zkk Matrix
H	00.00	23.74047186	27.20117982	00.00
C	00.00	-21.58005027	00.00	-52.24562853
O	00.00	5.41958043	00.00	00.00
N	00.00	00.00	00.00	00.00
#Zkk2 Matrix
O	00.00	-5.28328739	00.00
C	00.00	00.00	1.74894927
N	00.00	-13.66161897	00.00
#Zkk3 Matrix
O	-61.77220173	47.68403234
N	00.00	00.00
#rzkk Matrix
H  00.00  1.55100494  00.00  1.53632796  00.00  00.00  00.00  00.00  00.00  00.00
C  1.54582282  1.83993169  1.83959886  2.07175304  1.84000000  2.24400000  2.20000000  2.10000000  2.30000000  2.60000000 
N  00.00  1.84000000  00.00  00.00  00.00  00.00  00.00  00.00  00.00  00.00
O  00.00  1.33181762  1.50000000  1.80000000  00.00  2.10000000  00.00  00.00  00.00  00.00
F  00.00  00.00  00.00  00.00  00.00  00.00  00.00  00.00  00.00  00.00
P  00.00  00.00  00.00  00.00  00.00  00.00  00.00  00.00  00.00  00.00
S  00.00  00.00  00.00  00.00  00.00  00.00  00.00  00.00  00.00  00.00
Cl  00.00  00.00  00.00  00.00  00.00  00.00  00.00  00.00  00.00  00.00
Br  00.00  00.00  00.00  00.00  00.00  00.00  00.00  00.00  00.00  00.00
I  00.00  00.00  00.00  00.00  00.00  00.00  00.00  00.00  00.00  00.00
#drzkk Matrix
H  00.00  0.30023238  00.00  0.30023238  00.00  00.00  00.00  00.00  00.00  00.00
C  0.30023238  0.30023238  0.30023238  0.30023238  0.30023238  0.30023238  0.30023238  0.30023238  0.30023238  0.30023238
N  00.00  0.30023238  00.00  00.00  00.00  00.00  00.00  00.00  00.00  00.00
O  00.00  0.11286083  0.30023238  0.30023238  0.30023238  00.00  00.00  00.00  00.00  00.00
F  00.00  00.00  00.00  00.00  00.00  00.00  00.00  00.00  00.00  00.00
P  00.00  00.00  00.00  00.00  00.00  00.00  00.00  00.00  00.00  00.00
S  00.00  00.00  00.00  00.00  00.00  00.00  00.00  00.00  00.00  00.00
Cl  00.00  00.00  00.00  00.00  00.00  00.00  00.00  00.00  00.00  00.00
Br  00.00  00.00  00.00  00.00  00.00  00.00  00.00  00.00  00.00  00.00
I  00.00  00.00  00.00  00.00  00.00  00.00  00.00  00.00  00.00  00.00
#NC3
00.00
1.22500000
0.06500000
#Solvent
-0.02112037
1.69625030
3.68679541
-0.42301902
