#Zk - This are the default Parmeters for SMD/H2O
H 	173.72308250
C 	50.19810472
N 	-5.19672493
O 	-30.13006711
F 	-52.11453233
Cl	10.58550995
Br	0.64558780
S 	22.34642978
#Zkk Matrix
H	00.00	-227.92600938	00.00	00.00	00.00
C	00.00	-32.12537868	00.00	00.00	00.00
O	00.00	29.70145245	00.00	109.80767505	-50.67853059
N	00.00	-10.56014731	00.00	00.00	00.00
P	00.00	00.00	00.00	00.00	00.00
#rzkk Matrix
H  00.00  1.84000000  00.00  1.55000000  00.00  00.00  00.00  00.00  00.00  00.00
C  1.55000000  1.84000000  1.84000000  1.84000000  1.84000000  2.20000000  2.20000000  2.10000000  2.30000000  2.60000000 
N  00.00  1.84000000  00.00  00.00  00.00  00.00  00.00  00.00  00.00  00.00
O  00.00  1.33000000  1.50000000  1.80000000  00.00  2.10000000  00.00  00.00  00.00  00.00
F  00.00  00.00  00.00  00.00  00.00  00.00  00.00  00.00  00.00  00.00
P  00.00  00.00  00.00  00.00  00.00  00.00  00.00  00.00  00.00  00.00
S  00.00  00.00  00.00  00.00  00.00  00.00  00.00  00.00  00.00  00.00
Cl  00.00  00.00  00.00  00.00  00.00  00.00  00.00  00.00  00.00  00.00
Br  00.00  00.00  00.00  00.00  00.00  00.00  00.00  00.00  00.00  00.00
I  00.00  00.00  00.00  00.00  00.00  00.00  00.00  00.00  00.00  00.00
#drzkk Matrix
H  00.00  0.30000000  00.00  0.30000000  00.00  00.00  00.00  00.00  00.00  00.00
C  0.30000000  0.30000000  0.30000000  0.30000000  0.30000000  0.30000000  0.30000000  0.30000000  0.30000000  0.30000000
N  00.00  0.30000000  00.00  00.00  00.00  00.00  00.00  00.00  00.00  00.00
O  00.00  0.10000000  0.30000000  0.30000000  0.30000000  00.00  00.00  00.00  00.00  00.00
F  00.00  00.00  00.00  00.00  00.00  00.00  00.00  00.00  00.00  00.00
P  00.00  00.00  00.00  00.00  00.00  00.00  00.00  00.00  00.00  00.00
S  00.00  00.00  00.00  00.00  00.00  00.00  00.00  00.00  00.00  00.00
Cl  00.00  00.00  00.00  00.00  00.00  00.00  00.00  00.00  00.00  00.00
Br  00.00  00.00  00.00  00.00  00.00  00.00  00.00  00.00  00.00  00.00
I  00.00  00.00  00.00  00.00  00.00  00.00  00.00  00.00  00.00  00.00
#NC3
125.52639513
1.12250000
0.06500000
