#Zk
C	24.98197720
O	28.68089430
N	56.94907021
Cl	16.41124044
Br	5.76298014
S	27.41384575
Si	194.34926726
#Zk2
C	6.54075281
O	-5.48155810
#Zk3
C	2.87651920
O	-45.93806366
#Zkk Matrix
H	00.00	23.81039765	102.27254855	00.00
C	00.00	-10.90031567	00.00	-35.75880707
O	00.00	-2.26771460	00.00	00.00
N	00.00	00.00	00.00	00.00
#Zkk2 Matrix
O	00.00	33.40472829	00.00
C	00.00	00.00	-39.08934890
N	00.00	-1.02378007	00.00
#Zkk3 Matrix
O	133.73343663	94.23970602
N	00.00	00.00
#rzkk Matrix
H  00.00  1.55000000  00.00  1.55000000  00.00  00.00  00.00  00.00  00.00  00.00
C  1.55000000  1.84000000  1.84000000  1.84000000  1.84000000  2.20000000  2.20000000  2.10000000  2.30000000  2.60000000 
N  00.00  1.84000000  00.00  00.00  00.00  00.00  00.00  00.00  00.00  00.00
O  00.00  1.33000000  1.50000000  1.80000000  00.00  2.10000000  00.00  00.00  00.00  00.00
F  00.00  00.00  00.00  00.00  00.00  00.00  00.00  00.00  00.00  00.00
P  00.00  00.00  00.00  00.00  00.00  00.00  00.00  00.00  00.00  00.00
S  00.00  00.00  00.00  00.00  00.00  00.00  00.00  00.00  00.00  00.00
Cl  00.00  00.00  00.00  00.00  00.00  00.00  00.00  00.00  00.00  00.00
Br  00.00  00.00  00.00  00.00  00.00  00.00  00.00  00.00  00.00  00.00
I  00.00  00.00  00.00  00.00  00.00  00.00  00.00  00.00  00.00  00.00
#drzkk Matrix
H  00.00  0.30000000  00.00  0.30000000  00.00  00.00  00.00  00.00  00.00  00.00
C  0.30000000  0.30000000  0.30000000  0.30000000  0.30000000  0.30000000  0.30000000  0.30000000  0.30000000  0.30000000
N  00.00  0.30000000  00.00  00.00  00.00  00.00  00.00  00.00  00.00  00.00
O  00.00  0.10000000  0.30000000  0.30000000  0.30000000  00.00  00.00  00.00  00.00  00.00
F  00.00  00.00  00.00  00.00  00.00  00.00  00.00  00.00  00.00  00.00
P  00.00  00.00  00.00  00.00  00.00  00.00  00.00  00.00  00.00  00.00
S  00.00  00.00  00.00  00.00  00.00  00.00  00.00  00.00  00.00  00.00
Cl  00.00  00.00  00.00  00.00  00.00  00.00  00.00  00.00  00.00  00.00
Br  00.00  00.00  00.00  00.00  00.00  00.00  00.00  00.00  00.00  00.00
I  00.00  00.00  00.00  00.00  00.00  00.00  00.00  00.00  00.00  00.00
#NC3
00.00
1.22500000
0.06500000
#Solvent
-0.22853749
0.05043190
-1.10821361
00.00
