#Zk - This are the default Parmeters for SMD/H2O
H 	-9.23095599
C 	-35.78908109
N 	3.49895102
O 	19.79070165
F 	-10.54579242
Cl	-30.94188742
Br	-20.06958923
S 	-20.11655464
#Zkk Matrix
H	00.00	-27.49877354	00.00	00.00	00.00
C	00.00	1.24657043	00.00	00.00	00.00
O	00.00	-46.46815965	00.00	-93.01078751	-47.58618924
N	00.00	-6.58133578	00.00	00.00	00.00
P	00.00	00.00	00.00	00.00	00.00
#rzkk Matrix
H  00.00  1.84000000  00.00  1.55000000  00.00  00.00  00.00  00.00  00.00  00.00
C  1.55000000  1.84000000  1.84000000  1.84000000  1.84000000  2.20000000  2.20000000  2.10000000  2.30000000  2.60000000 
N  00.00  1.84000000  00.00  00.00  00.00  00.00  00.00  00.00  00.00  00.00
O  00.00  1.33000000  1.50000000  1.80000000  00.00  2.10000000  00.00  00.00  00.00  00.00
F  00.00  00.00  00.00  00.00  00.00  00.00  00.00  00.00  00.00  00.00
P  00.00  00.00  00.00  00.00  00.00  00.00  00.00  00.00  00.00  00.00
S  00.00  00.00  00.00  00.00  00.00  00.00  00.00  00.00  00.00  00.00
Cl  00.00  00.00  00.00  00.00  00.00  00.00  00.00  00.00  00.00  00.00
Br  00.00  00.00  00.00  00.00  00.00  00.00  00.00  00.00  00.00  00.00
I  00.00  00.00  00.00  00.00  00.00  00.00  00.00  00.00  00.00  00.00
#drzkk Matrix
H  00.00  0.30000000  00.00  0.30000000  00.00  00.00  00.00  00.00  00.00  00.00
C  0.30000000  0.30000000  0.30000000  0.30000000  0.30000000  0.30000000  0.30000000  0.30000000  0.30000000  0.30000000
N  00.00  0.30000000  00.00  00.00  00.00  00.00  00.00  00.00  00.00  00.00
O  00.00  0.10000000  0.30000000  0.30000000  0.30000000  00.00  00.00  00.00  00.00  00.00
F  00.00  00.00  00.00  00.00  00.00  00.00  00.00  00.00  00.00  00.00
P  00.00  00.00  00.00  00.00  00.00  00.00  00.00  00.00  00.00  00.00
S  00.00  00.00  00.00  00.00  00.00  00.00  00.00  00.00  00.00  00.00
Cl  00.00  00.00  00.00  00.00  00.00  00.00  00.00  00.00  00.00  00.00
Br  00.00  00.00  00.00  00.00  00.00  00.00  00.00  00.00  00.00  00.00
I  00.00  00.00  00.00  00.00  00.00  00.00  00.00  00.00  00.00  00.00
#NC3
-14.71712935
1.12250000
0.06500000
