#Zk
C	-5.10088962
O	-9.55234753
N	-6.39268799
Cl	-20.04950399
Br	-17.71372449
S	-14.47113210
H	-11.16681360
#Zk2
C	13.43514032
O	-30.51882437
#Zk3
C	-0.01790865
O	-77.17724202
#Zkk Matrix
H	00.00	-10.93610332	-0.40354151	00.00
C	00.00	-18.93011481	00.00	-54.54975505
O	00.00	-5.04208700	00.00	00.00
N	00.00	00.00	00.00	00.00
#Zkk2 Matrix
O	00.00	-31.83259906	00.00
C	00.00	00.00	107.03149142
N	00.00	-33.40452761	00.00
#Zkk3 Matrix
O	-125.71288682	128.33370516
N	00.00	00.00
#rzkk Matrix
H  00.00  1.55100494  00.00  1.53632796  00.00  00.00  00.00  00.00  00.00  00.00
C  1.54582282  1.83993169  1.83959886  2.07175304  1.84000000  2.24400000  2.20000000  2.10000000  2.30000000  2.60000000 
N  00.00  1.84000000  00.00  00.00  00.00  00.00  00.00  00.00  00.00  00.00
O  00.00  1.33181762  1.50000000  1.80000000  00.00  2.10000000  00.00  00.00  00.00  00.00
F  00.00  00.00  00.00  00.00  00.00  00.00  00.00  00.00  00.00  00.00
P  00.00  00.00  00.00  00.00  00.00  00.00  00.00  00.00  00.00  00.00
S  00.00  00.00  00.00  00.00  00.00  00.00  00.00  00.00  00.00  00.00
Cl  00.00  00.00  00.00  00.00  00.00  00.00  00.00  00.00  00.00  00.00
Br  00.00  00.00  00.00  00.00  00.00  00.00  00.00  00.00  00.00  00.00
I  00.00  00.00  00.00  00.00  00.00  00.00  00.00  00.00  00.00  00.00
#drzkk Matrix
H  00.00  0.30023238  00.00  0.30023238  00.00  00.00  00.00  00.00  00.00  00.00
C  0.30023238  0.30023238  0.30023238  0.30023238  0.30023238  0.30023238  0.30023238  0.30023238  0.30023238  0.30023238
N  00.00  0.30023238  00.00  00.00  00.00  00.00  00.00  00.00  00.00  00.00
O  00.00  0.11286083  0.30023238  0.30023238  0.30023238  00.00  00.00  00.00  00.00  00.00
F  00.00  00.00  00.00  00.00  00.00  00.00  00.00  00.00  00.00  00.00
P  00.00  00.00  00.00  00.00  00.00  00.00  00.00  00.00  00.00  00.00
S  00.00  00.00  00.00  00.00  00.00  00.00  00.00  00.00  00.00  00.00
Cl  00.00  00.00  00.00  00.00  00.00  00.00  00.00  00.00  00.00  00.00
Br  00.00  00.00  00.00  00.00  00.00  00.00  00.00  00.00  00.00  00.00
I  00.00  00.00  00.00  00.00  00.00  00.00  00.00  00.00  00.00  00.00
#NC3
00.00
1.22500000
0.06500000
#Solvent
0.08563085
3.48073065
3.85317371
-0.15788353
